# Created by Octave 3.6.4, Fri Oct 11 18:36:13 2013 CEST <alacambra@albert-pc>
# name: a
# type: matrix
# rows: 12
# columns: 12
0	10	0	0	0	10	50	50	10	0	0	0
10	0	50	50	50	10	0	0	10	0	0	0
0	50	0	20	20	0	0	0	0	0	0	0
0	50	20	0	20	0	0	0	0	0	0	0
0	50	20	20	0	0	0	0	0	0	0	0
10	10	0	0	0	0	50	50	10	0	0	50
50	0	0	0	0	50	0	40	0	0	0	20
50	0	0	0	0	50	40	0	0	0	0	20
10	10	0	0	0	10	0	0	0	50	50	50
0	0	0	0	0	0	0	0	50	0	20	20
0	0	0	0	0	0	0	0	50	20	0	20
0	0	0	0	0	50	20	20	50	20	20	0


